[gd_scene load_steps=2 format=3 uid="uid://vkok1ibb870d"]

[ext_resource type="PackedScene" uid="uid://c27qkmcewc5v4" path="res://3dWithSprites/Wall/wall.tscn" id="1_yoxwr"]

[node name="OctoRoom" type="StaticBody3D"]

[node name="0" parent="." instance=ExtResource("1_yoxwr")]
transform = Transform3D(1, 0, 0, 0, -4.37114e-08, -1, 0, 1, -4.37114e-08, 0, 0.2, -3)

[node name="1" parent="." instance=ExtResource("1_yoxwr")]
transform = Transform3D(-0.707107, 0.707107, -3.09086e-08, 0, -4.37114e-08, -1, -0.707107, -0.707107, 3.09086e-08, 2.13, 0.2, -2.13)

[node name="2" parent="." instance=ExtResource("1_yoxwr")]
transform = Transform3D(-4.37114e-08, 1, -4.37114e-08, 0, -4.37114e-08, -1, -1, -4.37114e-08, 1.91069e-15, 3, 0.2, 0)

[node name="3" parent="." instance=ExtResource("1_yoxwr")]
transform = Transform3D(0.707107, 0.707107, -3.09086e-08, 0, -4.37114e-08, -1, -0.707107, 0.707107, -3.09086e-08, 2.13, 0.2, 2.13)

[node name="4" parent="." instance=ExtResource("1_yoxwr")]
transform = Transform3D(1, 0, 0, 0, -4.37114e-08, -1, 0, 1, -4.37114e-08, 0, 0.2, 3)

[node name="5" parent="." instance=ExtResource("1_yoxwr")]
transform = Transform3D(-0.707107, 0.707107, -3.09086e-08, 0, -4.37114e-08, -1, -0.707107, -0.707107, 3.09086e-08, -2.13, 0.2, 2.13)

[node name="6" parent="." instance=ExtResource("1_yoxwr")]
transform = Transform3D(-4.37114e-08, 1, -4.37114e-08, 0, -4.37114e-08, -1, -1, -4.37114e-08, 1.91069e-15, -3, 0.2, 0)

[node name="7" parent="." instance=ExtResource("1_yoxwr")]
transform = Transform3D(0.707107, 0.707107, -3.09086e-08, 0, -4.37114e-08, -1, -0.707107, 0.707107, -3.09086e-08, -2.13, 0.2, -2.13)
